585	1000	15	5	4	chr1	100	6200	-1000	+	L1HS	LINE	L1	1	6000	0	0
585	1001	22	5	4	chr1	20000	26100	-1000	-	L1PA2	LINE	L1	1	6000	0	1
585	1002	29	5	4	chr1	30000	30500	-1000	+	L1HS	LINE	L1	1	6000	0	2
585	1003	36	5	4	chr1	40000	46000	-1000	+	AluY	SINE	Alu	1	6000	0	3
585	1004	43	5	4	chr1	50000	56000	-1000	+	L1PA3	LINE	L1	1	6000	0	4
585	1005	50	5	4	chr1	60000	66000	-1000	-	L1PA3	LINE	L1	1	6000	0	5
585	1006	57	5	4	chr1	60000	66000	-1000	-	L1PA2	LINE	L1	1	6000	0	6
585	1007	64	5	4	chr1	70000	76000	-1000	+	L1ME	LINE	L1-dep	1	6000	0	7
585	1008	71	5	4	2	1000	7000	-1000	+	L1HS	LINE	L1	1	6000	0	8
585	1009	78	5	4	2	9000	15000	-1000	-	L1HS	LINE	L1	1	6000	0	9
